bash:
	real: 1.250020
	user: 1.214640
	sys: 0.042000
