dash:
	real: 0.527160
	user: 0.504100
	sys: 0.041380
