ksh:
	real: 0.475920
	user: 0.381960
	sys: 0.093320
