bash:
	real: 1.250020
	user: 1.214640
	sys: 0.042000
dash:
	real: 0.527160
	user: 0.504100
	sys: 0.041380
ksh:
	real: 0.475920
	user: 0.381960
	sys: 0.093320
yash:
	real: 3.265820
	user: 1.385340
	sys: 1.886700
