yash:
	real: 3.265820
	user: 1.385340
	sys: 1.886700
