zsh:
	real: 1.765720
	user: 1.262520
	sys: 0.528320
